	Game								Objective			Choice			Points				Time To			Objective Pos		Choice Pos	
Choice	Time	Mode	Speed	N cards	Match	Turn Time	Precision	Choice changed	Value	Suit	Color	Value	Suit	Color	Value	Suit	Color	Total	Play	Memorize	Choose	Magnitude	Angle	Magnitude	Angle
0	7.833426	Memory	2.56427	6	1	7.833426	0	0	6	0	0	6	0	0	1	1	1	36	0.497458	1.028496	2.264325	189.0761	-96	141.5518	-104.693
1	16.13052	Memory	2.117837	6	1	8.297094	36	0	6	3	1	6	3	1	1	1	1	39	0.596541	0.7800273	0.7683372	189.0761	24	153.9728	28.27416
2	24.196	Memory	2.491834	6	1	8.065485	37	0	2	3	1	2	3	1	1	1	1	38	0.5030028	0.8976186	1.221234	189.0761	78	136.9869	75.59244
3	31.66398	Memory	2.541017	6	1	7.467976	37	0	7	0	0	7	0	0	1	1	1	39	0.4980674	0.7632971	0.8553151	189.0761	84	150.1581	84.95912
4	39.54452	Memory	2.611349	6	1	7.880541	38	0	9	0	0	9	0	0	1	1	1	39	0.4805561	1.160872	0.8797823	189.0761	102	159.3792	102.6807
5	47.51454	Memory	2.651101	6	1	7.97002	38	0	9	2	0	9	2	0	1	1	1	38	0.4804365	0.9449733	1.409685	189.0761	-162	152.1966	-156.7647
6	54.93635	Memory	2.633443	6	1	7.42181	38	0	0	3	1	0	3	1	1	1	1	38	0.4806588	0.8305262	1.040722	189.0761	60	145.2418	54.87672
7	63.77646	Memory	2.647186	6	1	8.840111	38	0	9	0	0	9	0	0	1	1	1	38	0.4845676	1.217883	1.26703	189.0761	120	146.3979	127.1825
