	Game								Objective			Choice			Points				Time To			Objective Pos		Choice Pos	
Choice	Time	Mode	Speed	N cards	Match	Turn Time	Precision	Choice changed	Value	Suit	Color	Value	Suit	Color	Value	Suit	Color	Total	Play	Memorize	Choose	Magnitude	Angle	Magnitude	Angle
0	7.410951	Memory	2.643348	7	1	7.410951	0	0	6	3	1	6	3	1	1	1	1	39	0.4807456	1.857585	0.9033177	189.0761	69.42857	137.5194	71.94827
1	15.93638	Memory	2.798341	7	1	8.525433	39	0	3	1	1	3	1	1	1	1	1	37	0.4571526	1.259847	1.857057	189.0761	-138.8571	151.6767	-150.1333
2	24.19689	Memory	2.559906	7	1	8.260509	38	0	4	0	0	4	0	0	1	1	1	37	0.497966	1.07242	1.767869	189.0761	-51.42855	166.6375	-52.71946
3	32.41325	Memory	2.495293	7	1	8.21636	37	0	9	2	0	9	2	0	1	1	1	38	0.5135679	0.9774333	1.263842	189.0761	15.42857	148.8711	12.63665
4	40.68192	Memory	2.525989	7	1	8.268661	37	0	0	2	0	0	2	0	1	1	1	38	0.4970004	1.028625	1.21309	189.0761	-102.8572	145.8949	-100.4141
5	49.38697	Memory	2.549482	7	1	8.705059	37	0	7	0	0	7	0	0	1	1	1	38	0.4979648	0.9318981	1.316475	189.0761	18	146.256	8.123208
6	56.44728	Memory	2.556529	7	1	7.06031	37	0	3	1	1	3	1	1	1	1	1	39	0.4972546	0.4979996	0.9581633	189.0761	-33.42858	174.5156	-27.82435
7	65.56742	Memory	2.587156	7	1	9.120136	38	0	0	3	1	0	3	1	1	1	1	38	0.4867687	1.624784	1.152769	189.0761	84.85715	144.7059	92.73523
