	Game								Objective			Choice			Points				Time To			Objective Pos		Choice Pos	
Choice	Time	Mode	Speed	N cards	Match	Turn Time	Precision	Choice changed	Value	Suit	Color	Value	Suit	Color	Value	Suit	Color	Total	Play	Memorize	Choose	Magnitude	Angle	Magnitude	Angle
0	5.845872	Memory	2.597964	8	1	5.845872	0	0	4	3	1	4	3	1	1	1	1	38	0.4973975	0.9116428	1.262537	189.0761	-171	166.1948	-175.3399
1	14.52219	Memory	2.618731	8	1	8.676313	38	0	4	0	0	4	0	0	1	1	1	37	0.4804345	1.310613	1.510316	189.0761	162	175.8169	160.5492
2	22.27121	Memory	2.556787	8	1	7.749026	37	0	9	2	0	9	2	0	1	1	1	38	0.4994566	0.8626167	1.267574	189.0761	-36	165.3955	-43.11565
3	30.31202	Memory	2.576595	8	1	8.040806	37	0	5	3	1	5	3	1	1	1	1	38	0.5007107	1.276374	1.210883	189.0761	-90	149.1906	-91.52608
4	38.78482	Memory	2.593586	8	1	8.472803	37	0	6	0	0	6	0	0	1	1	1	38	0.4828247	1.14319	1.409879	189.0761	9.000002	154.1554	3.079429
5	47.10356	Memory	2.583881	8	1	8.318737	37	0	5	1	1	5	1	1	1	1	1	37	0.4983007	1.030241	1.770396	189.0761	-171	173.9059	-175.513
6	55.61883	Memory	2.547368	8	1	8.51527	37	0	0	1	1	0	1	1	1	1	1	37	0.4970012	1.111254	1.818437	189.0761	108	153.2077	120.6747
7	65.19672	Memory	2.517855	8	1	9.577896	37	0	9	2	0	9	2	0	1	1	1	37	0.4973995	1.722937	1.586016	189.0761	-108	137.2195	-107.5062
