	Game								Objective			Choice			Points				Time To			Objective Pos		Choice Pos	
Choice	Time	Mode	Speed	N cards	Match	Turn Time	Precision	Choice changed	Value	Suit	Color	Value	Suit	Color	Value	Suit	Color	Total	Play	Memorize	Choose	Magnitude	Angle	Magnitude	Angle
0	3.911491	CountSuits	2.309386	8	1	3.911491	0	0	2	1	1	2	1	1	1	1	1	37	0.5438415	0	1.619301	189.0761	72.00002	142.0521	72.64883
1	12.16421	CountSuits	2.44035	8	1	8.252718	37	0	4	1	1	4	1	1	1	1	1	33	0.5171291	0	3.577129	189.0761	162	159.6622	157.4543
2	19.79892	CountSuits	1.950892	8	1	7.634714	35	0	9	3	1	9	3	1	1	1	1	38	0.6494383	0	1.303043	189.0761	9.000002	168.5203	-0.5834466
3	28.46295	CountSuits	2.166754	8	1	8.664024	36	0	8	0	0	8	0	0	1	1	1	34	0.5835645	0	3.295654	189.0761	-71.99999	142.1355	-72.03224
4	36.81291	CountSuits	2.025609	8	1	8.349964	35	0	4	3	1	4	3	1	1	1	1	36	0.6295339	0	2.491873	189.0761	-108	151.8233	-102.196
5	45.8322	CountSuits	2.0213	8	1	9.019287	35	0	4	0	0	4	0	0	1	1	1	33	0.6321346	0	3.513025	189.0761	90	142.0638	102.6761
6	53.47261	CountSuits	1.933331	8	1	7.640411	35	0	0	0	0	0	0	0	1	1	1	37	0.6626676	0	1.502406	189.0761	-108	136.0773	-102.8162
7	61.016	CountSuits	2.014112	8	1	7.543388	35	0	9	3	1	9	3	1	1	1	1	38	0.6362171	0	1.143878	189.0761	-126	144.8987	-128.3116
